# Format: each line contains 3 coordinates separated by spaces
# Points: 1000, Dimensions: 3, Range: [-1e15, 1e15]
# Showing first 100 points only
573590774554759.250000 -865485724993050.125000 -39948821067810.000000
-368626976851373.875000 693670108914375.250000 380882856901735.000000
-428536751773208.375000 190335497260093.750000 -909036685712635.500000
-7193402852863.125000 352988045196980.250000 -40697518270462.750000
354307495988905.500000 -71693961974233.375000 -67061519715935.000000
99449771456420.375000 -114075834397226.625000 185529430862516.250000
486616454552859.000000 -607561924029141.750000 826756500173360.000000
670940856914967.250000 -976145608350634.625000 -690265008248388.750000
-397856957279145.750000 -695404662750661.375000 -690846296958625.250000
869567479006946.000000 978296285495162.000000 200235643424093.750000
-360680276528000.875000 -57115020230412.500000 -20048768725246.250000
-702890299260616.250000 -702057747635990.375000 -874009865336120.125000
-333051303867250.625000 -198999308981001.375000 570395838934928.250000
-287104989867657.375000 -336829156614840.000000 938405363354832.000000
533805490937084.000000 -595279378350824.125000 128060379531234.500000
781243145465850.750000 540863116271793.750000 -14083235524594.750000
344789457507431.500000 -860003271605819.500000 482588422019034.500000
679748368449509.250000 985232911072671.500000 -519601690117269.750000
897510515060275.750000 981413504574447.750000 50009596627205.625000
-559827611781656.750000 767437326721847.000000 -443281121086329.250000
-182020159903913.750000 722286309115588.750000 -390704307705164.000000
269282629713416.000000 561409350484609.500000 -718818341381847.875000
123245191294699.875000 635332771111279.750000 873713227454573.000000
-981887205038219.750000 107447302900254.750000 -26716561056673.500000
-640268341172486.500000 -820838988292962.250000 -991413347888737.875000
-551723977550864.250000 -482587121892720.437500 -977558821905404.375000
-276413311716169.125000 -116272399667650.500000 414295610040426.250000
-392063717357814.250000 -817859549075365.000000 -515194308012723.937500
-358008851762861.000000 -533141105435788.625000 -147198966238647.750000
93548653647303.625000 -976826608646661.000000 -59398834127932.750000
629340372513979.750000 -386733088176697.500000 -103142643813043.875000
188035253435373.250000 870546943508088.500000 -234799641184508.750000
-568216536659747.375000 635006972588598.750000 586377067491412.250000
-278940913267433.625000 -897514952346682.500000 780323934741318.250000
787736857309937.500000 801334192045033.000000 174774277023971.000000
13616121839731.875000 922754517756402.500000 112829424440860.750000
609039947390556.250000 900378440041095.000000 -141963325906544.875000
-472729098517447.687500 686990184709429.750000 929975586943328.500000
-159767501056194.250000 -267892794217914.375000 903329882305115.500000
-659407036378979.750000 464945234358310.750000 -973150708712637.375000
-264937449712306.250000 424049427267164.000000 -533185563981533.062500
-914672992657870.000000 -550560771021991.937500 465618917718529.750000
165407256688922.750000 -936582922935485.875000 -276001793332398.000000
260232834145426.750000 243695726618170.750000 -543658312410116.187500
478565351106226.500000 515474511776119.500000 947030627634376.250000
-331207511946559.000000 -965664274524897.375000 -682093791663646.750000
546592854894697.750000 42495528701692.875000 644291481934487.750000
834841368719935.500000 -620407259557396.250000 -361738044768571.875000
740414368920028.250000 873203264083713.250000 -717142218258231.875000
147065381985157.750000 -236291911918670.000000 78427104745060.250000
628348339814692.750000 682318377774208.750000 221853327937424.250000
-308797594159841.500000 569394940510392.250000 -175395107362419.375000
205950682517141.000000 268084384500980.500000 -931112655904144.000000
-514751133508980.250000 350103143136948.250000 894829085562378.250000
-444448943715542.562500 843959947116673.000000 899124026298523.000000
-15374692156910.875000 492913775611668.750000 6251968909055.000000
-678909178357571.375000 913409978151321.500000 -295066528953611.875000
902117519639432.500000 542642581742257.000000 -727076013106852.750000
398589700926095.250000 98505754489451.625000 -906653618440032.000000
499709944240749.000000 993996496777981.500000 881400461774319.500000
430456541012972.500000 -296272603329271.125000 572594915051013.250000
-950889593455940.500000 181230294052511.500000 31562766525894.375000
722089503426104.750000 -382953530643135.250000 163531106896698.500000
-106289535760879.500000 -420309609733522.000000 -257505761925131.125000
-853244474157691.000000 -257719721645116.750000 -682331017684191.500000
-504641714971512.562500 360673338640481.250000 -508457242511212.812500
613330561202019.500000 -505362135823816.062500 -27627480681985.625000
-635486417450010.750000 -671276846434921.000000 -315274475142359.750000
-826588110532611.625000 881472920998931.000000 843835907522589.000000
600452238693833.250000 122094136662781.250000 -90571647044271.250000
-414400718640536.125000 238762849941849.750000 678952196147292.750000
-923452023882418.875000 -3899963572621.375000 93539349269121.875000
-495264026802033.187500 -520984733477234.812500 -149309702217578.875000
486956065520644.250000 -741233970969915.375000 619455021340400.000000
322333300951868.250000 398241182789206.500000 926308067515492.500000
348827326204627.750000 585235284641385.000000 -768068073317408.500000
330007840879261.500000 -146284011192619.750000 470998601056635.500000
282166949473321.500000 -60006689280271.500000 -591254401952028.250000
114309667609632.000000 -112199371214956.000000 38747806567698.750000
-736665855161845.750000 257409553509205.500000 -660620877519250.000000
312488416675478.250000 -191399717703461.625000 -754021705593913.750000
-79095797613263.125000 -204828668851405.375000 -424195520114153.625000
-238681699614971.875000 -16164373606443.375000 241619450505823.000000
-480600895360112.187500 -967706759460270.375000 -138730158098042.000000
-476115825120359.687500 31448397319763.875000 -155453513376414.750000
146778237540274.750000 -225393117871135.500000 -605606242083013.000000
430761157535016.500000 -914812303613871.375000 -766763275954872.375000
621140266768634.250000 139260208234191.000000 419876988977193.750000
52342969924211.500000 958675459958613.000000 519400575198233.250000
213036865927279.000000 379358359146863.250000 -253680270630866.250000
-180538632441312.125000 392898268066346.750000 100096703041344.875000
-916811645496636.625000 -651173921767622.250000 -702614513225853.500000
374691026750952.000000 -208078814204782.250000 -388234334997832.750000
-625715476926416.250000 856174439657479.500000 -256352827418595.500000
-975477898493409.125000 961356990039348.500000 871353900525719.000000
914737945422530.250000 -389345151837915.125000 -361436224542558.250000
797744884621352.000000 115920767188072.250000 -372113601770252.000000
856761347502470.000000 756037679500877.750000 -410677458625286.875000
-172199442051351.125000 425703129731118.750000 331152400001883.500000
-627195901237428.250000 587553742807358.500000 24292752612382.125000
